One,Two,Three,Four,Five,Six,Seven,Eight,Nine,Ten
55,88,99,132,456,789,987,64,31,321
123,654,789,654,987,312,654,9687,654,55
55,88,99,132,456,789,987,64,31,321
123,654,789,654,987,312,654,9687,654,55
55,88,99,132,456,789,987,64,31,321
123,654,789,654,987,312,654,9687,654,55
55,88,99,132,456,789,987,64,31,321
123,654,789,654,987,312,654,9687,654,55
55,88,99,132,456,789,987,64,31,321
123,654,789,654,987,312,654,9687,654,55
55,88,99,132,456,789,987,64,31,321
123,654,789,654,987,312,654,9687,654,55
55,88,99,132,456,789,987,64,31,321
123,654,789,654,987,312,654,9687,654,55
55,88,99,132,456,789,987,64,31,321
123,654,789,654,987,312,654,9687,654,55
55,88,99,132,456,789,987,64,31,321
123,654,789,654,987,312,654,9687,654,55
55,88,99,132,456,789,987,64,31,321
123,654,789,654,987,312,654,9687,654,55
55,88,99,132,456,789,987,64,31,321
123,654,789,654,987,312,654,9687,654,55
55,88,99,132,456,789,987,64,31,321
123,654,789,654,987,312,654,9687,654,55
55,88,99,132,456,789,987,64,31,321
123,654,789,654,987,312,654,9687,654,55
55,88,99,132,456,789,987,64,31,321
123,654,789,654,987,312,654,9687,654,55
55,88,99,132,456,789,987,64,31,321
123,654,789,654,987,312,654,9687,654,55


